/*******************************************************************************
*    Automatically generated code for TopCode SRM Problem
*    Problem URL: http://community.topcoder.com/stat?c=problem_statement&pm=3057
*******************************************************************************/
#include <vector>
#include <list>
#include <map>
#include <set>
#include <deque>
#include <stack>
#include <bitset>
#include <algorithm>
#include <functional>
#include <numeric>
#include <utility>
#include <sstream>
#include <iostream>
#include <iomanip>
#include <cstdio>
#include <cmath>
#include <cstdlib>
#include <ctime>

using namespace std;

class Reconstruct {
public:
    vector<string> findPoints(vector<string> dists);
};

vector<string> Reconstruct::findPoints(vector<string> dists) {
    vector<string> ret;
    return ret;
}


int test0() {
    vector<string> dists = {"0 1", "1 0"};
    Reconstruct* pObj = new Reconstruct();
    clock_t start = clock();
    vector<string> result = pObj->findPoints(dists);
    clock_t end = clock();
    delete pObj;
    vector<string> expected = {"0 0 0", "0 0 1"};
    if(result == expected) {
        cout << "Test Case 0: Passed! Time: " << static_cast<double>(end-start)/CLOCKS_PER_SEC << " seconds" << endl;
        return 0;
    } else {
        cout << "Test Case 0: Failed! Time: " << static_cast<double>(end-start)/CLOCKS_PER_SEC << " seconds" << endl;
        return 1;
    }
}

int test1() {
    vector<string> dists = {"0 2 2", "2 0 2", "2 2 0"};
    Reconstruct* pObj = new Reconstruct();
    clock_t start = clock();
    vector<string> result = pObj->findPoints(dists);
    clock_t end = clock();
    delete pObj;
    vector<string> expected = {"0 0 0", "0 1 1", "-1 0 1"};
    if(result == expected) {
        cout << "Test Case 1: Passed! Time: " << static_cast<double>(end-start)/CLOCKS_PER_SEC << " seconds" << endl;
        return 0;
    } else {
        cout << "Test Case 1: Failed! Time: " << static_cast<double>(end-start)/CLOCKS_PER_SEC << " seconds" << endl;
        return 1;
    }
}

int test2() {
    vector<string> dists = {"0 33 25", "33 0 84", "25 84 0"};
    Reconstruct* pObj = new Reconstruct();
    clock_t start = clock();
    vector<string> result = pObj->findPoints(dists);
    clock_t end = clock();
    delete pObj;
    vector<string> expected = {"0 0 0", "1 4 4", "3 -4 0"};
    if(result == expected) {
        cout << "Test Case 2: Passed! Time: " << static_cast<double>(end-start)/CLOCKS_PER_SEC << " seconds" << endl;
        return 0;
    } else {
        cout << "Test Case 2: Failed! Time: " << static_cast<double>(end-start)/CLOCKS_PER_SEC << " seconds" << endl;
        return 1;
    }
}

int test3() {
    vector<string> dists = {"0 15", "15 0"};
    Reconstruct* pObj = new Reconstruct();
    clock_t start = clock();
    vector<string> result = pObj->findPoints(dists);
    clock_t end = clock();
    delete pObj;
    vector<string> expected = {};
    if(result == expected) {
        cout << "Test Case 3: Passed! Time: " << static_cast<double>(end-start)/CLOCKS_PER_SEC << " seconds" << endl;
        return 0;
    } else {
        cout << "Test Case 3: Failed! Time: " << static_cast<double>(end-start)/CLOCKS_PER_SEC << " seconds" << endl;
        return 1;
    }
}

int test4() {
    vector<string> dists = {"0 233 145 89 74 19 116 70 54 149 149 122 29 121 81 166 155 66 89 98", "233 0 480 414 173 286 441 251 413 490 698 245 146 622 580 449 290 309 164 149", "145 480 0 158 149 134 433 155 69 186 130 341 258 134 116 41 218 21 308 117", "89 414 158 0 65 26 333 285 25 8 242 419 104 242 102 85 434 115 350 131", "74 173 149 65 0 45 362 194 76 89 339 306 57 315 209 84 297 74 225 18", "19 286 134 26 45 0 195 149 21 62 178 237 38 162 74 109 264 69 186 89", "116 441 433 333 362 195 0 154 270 441 209 98 161 165 185 534 227 314 113 410", "70 251 155 285 194 149 154 0 174 377 153 38 145 113 171 266 17 86 35 154", "54 413 69 25 76 21 270 174 0 49 123 310 113 123 41 56 289 46 265 110", "149 490 186 8 89 62 441 377 49 0 306 539 160 314 146 85 542 155 458 163", "149 698 130 242 339 178 209 153 123 306 0 261 306 4 34 251 222 141 282 345", "122 245 341 419 306 237 98 38 310 539 261 0 171 201 281 474 45 224 9 276", "29 146 258 104 57 38 161 145 113 160 306 171 0 266 186 229 246 139 114 99", "121 622 134 242 315 162 165 113 123 314 4 201 266 0 38 259 174 129 222 317", "81 580 116 102 209 74 185 171 41 146 34 281 186 38 0 165 278 105 272 249", "166 449 41 85 84 109 534 266 56 85 251 474 229 259 165 0 369 50 405 82", "155 290 218 434 297 264 227 17 289 542 222 45 246 174 278 369 0 149 54 225", "66 309 21 115 74 69 314 86 46 155 141 224 139 129 105 50 149 0 185 52", "89 164 308 350 225 186 113 35 265 458 282 9 114 222 272 405 54 185 0 201", "98 149 117 131 18 89 410 154 110 163 345 276 99 317 249 82 225 52 201 0"};
    Reconstruct* pObj = new Reconstruct();
    clock_t start = clock();
    vector<string> result = pObj->findPoints(dists);
    clock_t end = clock();
    delete pObj;
    vector<string> expected = {"0 0 0", "5 8 12", "9 0 -8", "-2 6 -7", "3 8 -1", "-1 3 -3", "-6 -8 4", "6 -5 3", "1 2 -7", "-2 8 -9", "2 -9 -8", "3 -7 8", "-2 4 3", "2 -9 -6", "-1 -4 -8", "7 6 -9", "9 -7 5", "7 1 -4", "3 -4 8", "7 7 0"};
    if(result == expected) {
        cout << "Test Case 4: Passed! Time: " << static_cast<double>(end-start)/CLOCKS_PER_SEC << " seconds" << endl;
        return 0;
    } else {
        cout << "Test Case 4: Failed! Time: " << static_cast<double>(end-start)/CLOCKS_PER_SEC << " seconds" << endl;
        return 1;
    }
}

int test5() {
    vector<string> dists = {"0 118 83 145 45 166 123 22 51 2 45 98 17 117 90 14 10 110 113 146", "118 0 381 227 155 278 273 224 281 130 97 350 185 201 140 84 146 382 125 360", "83 381 0 182 86 157 264 29 84 77 194 21 38 170 157 153 61 17 206 161", "145 227 182 0 36 89 506 179 326 129 298 97 90 6 51 179 85 125 42 163", "45 155 86 36 0 57 314 59 166 41 138 45 18 34 19 83 17 61 30 155", "166 278 157 89 57 0 561 142 333 172 241 78 109 123 26 250 122 84 43 374", "123 273 264 506 314 561 0 161 52 129 114 373 206 430 417 93 189 381 458 277", "22 224 29 179 59 142 161 0 41 26 73 54 17 161 108 68 26 54 149 184", "51 281 84 326 166 333 52 41 0 53 90 161 78 278 257 69 81 161 306 181", "2 130 77 129 41 172 129 26 53 0 65 90 13 99 94 14 6 104 115 114", "45 97 194 298 138 241 114 73 90 65 0 227 104 270 153 53 91 233 182 341", "98 350 21 97 45 78 373 54 161 90 227 0 35 101 90 174 56 2 125 170", "17 185 38 90 18 109 206 17 78 13 104 35 0 74 65 53 3 45 90 117", "117 201 170 6 34 123 430 161 278 99 270 101 74 0 65 137 65 131 56 113", "90 140 157 51 19 26 417 108 257 94 153 90 65 65 0 136 62 106 5 276", "14 84 153 179 83 250 93 68 69 14 53 174 53 137 136 0 34 194 149 140", "10 146 61 85 17 122 189 26 81 6 91 56 3 65 62 34 0 70 81 110", "110 382 17 125 61 84 381 54 161 104 233 2 45 131 106 194 70 0 147 198", "113 125 206 42 30 43 458 149 306 115 182 125 90 56 5 149 81 147 0 285", "146 360 161 163 155 374 277 184 181 114 341 170 117 113 276 140 110 198 285 0"};
    Reconstruct* pObj = new Reconstruct();
    clock_t start = clock();
    vector<string> result = pObj->findPoints(dists);
    clock_t end = clock();
    delete pObj;
    vector<string> expected = {"0 0 0", "1 6 9", "-3 -7 -5", "0 -9 8", "-2 -5 4", "-9 -7 6", "5 7 -7", "-3 -2 -3", "1 1 -7", "1 -1 0", "-3 6 0", "-4 -9 -1", "-1 -4 0", "2 -8 7", "-5 -4 7", "3 2 1", "0 -3 1", "-5 -9 -2", "-4 -4 9", "9 -8 -1"};
    if(result == expected) {
        cout << "Test Case 5: Passed! Time: " << static_cast<double>(end-start)/CLOCKS_PER_SEC << " seconds" << endl;
        return 0;
    } else {
        cout << "Test Case 5: Failed! Time: " << static_cast<double>(end-start)/CLOCKS_PER_SEC << " seconds" << endl;
        return 1;
    }
}

int test6() {
    vector<string> dists = {"0 302 122 85 94 83 74 27 149 17 91 114 211 29 81 65 178 86 131 69", "302 0 402 681 314 321 602 277 741 219 277 232 225 225 293 281 844 404 81 513", "122 402 0 203 418 149 324 117 139 117 17 266 529 81 257 275 494 382 141 155", "85 681 203 0 221 134 67 170 40 170 206 225 502 138 154 244 89 209 402 32", "94 314 418 221 0 189 102 153 385 121 325 126 113 155 91 89 166 50 269 197", "83 321 149 134 189 0 233 180 126 134 84 29 436 30 26 270 321 293 204 38", "74 602 324 67 102 233 0 121 203 129 309 266 269 185 185 107 30 54 377 131", "27 277 117 170 153 180 121 0 242 6 104 217 168 70 186 34 269 89 88 170", "149 741 139 40 385 126 203 242 0 238 158 261 710 150 206 388 245 389 426 40", "17 219 117 170 121 134 129 6 238 0 86 155 154 42 134 38 275 91 66 146", "91 277 17 206 325 84 309 104 158 86 0 161 440 34 166 238 477 337 88 126", "114 232 266 225 126 29 266 217 261 155 161 0 341 61 9 257 356 268 205 105", "211 225 529 502 113 436 269 168 710 154 440 341 0 294 322 62 425 85 216 486", "29 225 81 138 155 30 185 70 150 42 34 61 294 0 56 146 313 197 90 66", "81 293 257 154 91 26 185 186 206 134 166 9 322 56 0 218 253 209 230 66", "65 281 275 244 89 270 107 34 388 38 238 257 62 146 218 0 241 25 146 260", "178 844 494 89 166 321 30 269 245 275 477 356 425 313 253 241 0 136 601 177", "86 404 382 209 50 293 54 89 389 91 337 268 85 197 209 25 136 0 269 249", "131 81 141 402 269 204 377 88 426 66 88 205 216 90 230 146 601 269 0 306", "69 513 155 32 197 38 131 170 40 146 126 105 486 66 66 260 177 249 306 0"};
    Reconstruct* pObj = new Reconstruct();
    clock_t start = clock();
    vector<string> result = pObj->findPoints(dists);
    clock_t end = clock();
    delete pObj;
    vector<string> expected = {"0 0 0", "5 9 14", "9 4 -5", "0 -7 -6", "-6 -3 7", "7 -5 3", "-7 -4 -3", "-1 5 -1", "6 -7 -8", "0 4 1", "9 3 -1", "5 -5 8", "-9 7 9", "5 0 2", "3 -6 6", "-6 5 2", "-9 -9 -4", "-9 1 2", "5 9 5", "4 -7 -2"};
    if(result == expected) {
        cout << "Test Case 6: Passed! Time: " << static_cast<double>(end-start)/CLOCKS_PER_SEC << " seconds" << endl;
        return 0;
    } else {
        cout << "Test Case 6: Failed! Time: " << static_cast<double>(end-start)/CLOCKS_PER_SEC << " seconds" << endl;
        return 1;
    }
}

int test7() {
    vector<string> dists = {"0 516 42 97 131 32 45 110 24 110 102 139 65 17 149 89 67 20 29 142", "516 0 578 261 275 724 713 934 580 542 598 131 581 573 629 489 435 528 461 990", "42 578 0 171 77 122 101 68 10 40 184 189 45 109 53 205 41 26 121 62", "97 261 171 0 138 161 254 275 177 275 291 86 106 102 342 42 194 85 122 353", "131 275 77 138 0 291 246 261 99 65 265 76 126 226 90 274 52 107 186 253", "32 724 122 161 291 0 53 126 88 238 134 267 121 9 285 81 179 68 53 182", "45 713 101 254 246 53 0 185 49 129 33 234 196 56 162 218 90 113 38 195", "110 934 68 275 261 126 185 0 94 196 356 429 49 153 201 225 209 62 245 14", "24 580 10 177 99 88 49 94 0 38 110 171 77 77 57 197 27 36 73 90", "110 542 40 275 65 238 129 196 38 0 160 177 161 209 5 365 13 118 161 154", "102 598 184 291 265 134 33 356 110 160 0 185 321 113 205 293 101 206 41 362", "139 131 189 86 76 267 234 429 171 177 185 0 234 182 238 206 104 171 110 461", "65 581 45 106 126 121 196 49 77 161 321 234 0 108 186 114 146 13 174 83", "17 573 109 102 226 9 56 153 77 209 113 182 108 0 262 54 142 53 26 211", "149 629 53 342 90 285 162 201 57 5 205 238 186 262 0 436 34 149 216 145", "89 489 205 42 274 81 218 225 197 365 293 206 114 54 436 0 274 89 116 325", "67 435 41 194 52 179 90 209 27 13 101 104 146 142 34 274 0 91 90 189", "20 528 26 85 107 68 113 62 36 118 206 171 13 53 149 89 91 0 93 94", "29 461 121 122 186 53 38 245 73 161 41 110 174 26 216 116 90 93 0 285", "142 990 62 353 253 182 195 14 90 154 362 461 83 211 145 325 189 94 285 0"};
    Reconstruct* pObj = new Reconstruct();
    clock_t start = clock();
    vector<string> result = pObj->findPoints(dists);
    clock_t end = clock();
    delete pObj;
    vector<string> expected = {"0 0 0", "8 14 16", "5 1 -4", "4 0 9", "9 7 1", "-4 -4 0", "-5 2 -4", "5 -7 -6", "2 2 -4", "5 7 -6", "-7 7 -2", "3 9 7", "7 -4 0", "-3 -2 2", "6 7 -8", "0 -5 8", "3 7 -3", "4 -2 0", "-4 3 2", "6 -5 -9"};
    if(result == expected) {
        cout << "Test Case 7: Passed! Time: " << static_cast<double>(end-start)/CLOCKS_PER_SEC << " seconds" << endl;
        return 0;
    } else {
        cout << "Test Case 7: Failed! Time: " << static_cast<double>(end-start)/CLOCKS_PER_SEC << " seconds" << endl;
        return 1;
    }
}

int test8() {
    vector<string> dists = {"0 261 90 62 178 50 128 66 41 117 45 93 115 61 89 91 86 93 105 82", "261 0 621 185 315 461 565 149 350 390 260 366 402 416 436 354 89 122 606 189", "90 621 0 164 230 80 42 208 65 195 217 261 269 165 201 161 308 325 99 308", "62 185 164 0 54 180 110 20 53 179 181 281 301 241 269 121 80 129 275 184", "178 315 230 54 0 366 98 54 77 409 371 461 569 443 395 113 254 341 485 314", "50 461 80 180 366 0 194 224 137 59 73 125 61 37 137 241 164 141 11 196", "128 565 42 110 98 194 0 146 41 293 317 381 435 301 297 123 326 381 249 354", "66 149 208 20 54 224 146 0 49 267 161 229 317 237 209 65 100 149 331 116", "41 350 65 53 77 137 41 49 0 242 158 200 286 174 146 34 189 228 206 157", "117 390 195 179 409 59 293 267 242 0 150 270 106 142 326 406 107 90 84 307", "45 260 217 181 371 73 317 161 158 150 0 22 38 20 56 182 101 74 118 41", "93 366 261 281 461 125 381 229 200 270 22 0 74 30 18 182 209 172 162 41", "115 402 269 301 569 61 435 317 286 106 38 74 0 26 138 360 157 102 74 153", "61 416 165 241 443 37 301 237 174 142 20 30 26 0 52 218 177 138 54 101", "89 436 201 269 395 137 297 209 146 326 56 18 138 52 0 114 269 246 174 57", "91 354 161 121 113 241 123 65 34 406 182 182 360 218 114 0 265 306 326 117", "86 89 308 80 254 164 326 100 189 107 101 209 157 177 269 265 0 9 251 136", "93 122 325 129 341 141 381 149 228 90 74 172 102 138 246 306 9 0 214 129", "105 606 99 275 485 11 249 331 206 84 118 162 74 54 174 326 251 214 0 275", "82 189 308 184 314 196 354 116 157 307 41 41 153 101 57 117 136 129 275 0"};
    Reconstruct* pObj = new Reconstruct();
    clock_t start = clock();
    vector<string> result = pObj->findPoints(dists);
    clock_t end = clock();
    delete pObj;
    vector<string> expected = {"0 0 0", "4 7 14", "-4 -7 -5", "-2 -3 7", "-9 -4 9", "4 -3 -5", "-8 -8 0", "-4 1 7", "-6 -2 1", "9 -6 0", "4 5 -2", "2 8 -5", "9 3 -5", "4 3 -6", "-2 7 -6", "-9 3 1", "6 1 7", "8 2 5", "5 -4 -8", "0 9 1"};
    if(result == expected) {
        cout << "Test Case 8: Passed! Time: " << static_cast<double>(end-start)/CLOCKS_PER_SEC << " seconds" << endl;
        return 0;
    } else {
        cout << "Test Case 8: Failed! Time: " << static_cast<double>(end-start)/CLOCKS_PER_SEC << " seconds" << endl;
        return 1;
    }
}

int test9() {
    vector<string> dists = {"0 181 50 86 96 126 99 74 77 91 125 54 109 130 125 129 73 41 84 73", "181 0 281 395 141 61 114 209 262 494 176 381 414 161 42 414 422 276 453 374", "50 281 0 26 146 296 229 164 177 101 65 134 269 270 165 19 173 161 34 73", "86 395 26 0 142 398 245 142 145 129 99 166 269 266 293 37 153 203 10 141", "96 141 146 142 0 174 35 26 53 347 85 270 261 42 181 241 209 209 196 321", "126 61 296 398 174 0 81 164 185 361 293 222 205 118 101 459 253 125 414 289", "99 114 229 245 35 81 0 25 42 360 194 233 174 5 186 370 174 146 283 338", "74 209 164 142 26 164 25 0 5 273 169 182 137 22 249 275 105 129 170 285", "77 262 177 145 53 185 42 5 0 246 214 155 100 35 296 290 72 110 161 276", "91 494 101 129 347 361 360 273 246 0 318 29 146 401 334 138 90 86 75 22", "125 176 65 99 85 293 194 169 214 318 0 325 446 233 122 94 342 308 157 246", "54 381 134 166 270 222 233 182 155 29 325 0 51 264 283 217 35 17 118 51", "109 414 269 269 261 205 174 137 100 146 446 51 0 179 396 402 20 30 225 200", "130 161 270 266 42 118 5 22 35 401 233 264 179 0 251 417 179 173 306 395", "125 42 165 293 181 101 186 249 296 334 122 283 396 251 0 254 376 226 329 212", "129 414 19 37 241 459 370 275 290 138 94 217 402 417 254 0 270 274 45 110", "73 422 173 153 209 253 174 105 72 90 342 35 20 179 376 270 0 38 117 148", "41 276 161 203 209 125 146 129 110 86 308 17 30 173 226 274 38 0 169 94", "84 453 34 10 196 414 283 170 161 75 157 118 225 306 329 45 117 169 0 101", "73 374 73 141 321 289 338 285 276 22 246 51 200 395 212 110 148 94 101 0"};
    Reconstruct* pObj = new Reconstruct();
    clock_t start = clock();
    vector<string> result = pObj->findPoints(dists);
    clock_t end = clock();
    delete pObj;
    vector<string> expected = {"0 0 0", "1 6 12", "5 -5 0", "2 -9 -1", "-4 -4 8", "-3 9 6", "-7 1 7", "-7 -3 4", "-8 -3 2", "3 -1 -9", "5 -6 8", "-1 2 -7", "-8 3 -6", "-9 0 7", "6 5 8", "8 -8 -1", "-6 -1 -6", "-3 4 -4", "2 -8 -4", "6 1 -6"};
    if(result == expected) {
        cout << "Test Case 9: Passed! Time: " << static_cast<double>(end-start)/CLOCKS_PER_SEC << " seconds" << endl;
        return 0;
    } else {
        cout << "Test Case 9: Failed! Time: " << static_cast<double>(end-start)/CLOCKS_PER_SEC << " seconds" << endl;
        return 1;
    }
}

int test10() {
    vector<string> dists = {"0 285 90 9 162 57 70 101 62 78 130 75 33 35 83 153 86 122 86 56", "285 0 425 306 789 370 371 524 565 277 707 290 146 150 510 456 393 451 621 581", "90 425 0 107 90 19 174 313 104 264 198 185 185 125 281 225 344 398 136 166", "9 306 107 0 189 52 29 134 43 43 89 134 38 66 54 90 75 145 123 53", "162 789 90 189 0 129 286 245 98 402 166 237 339 269 281 369 374 374 50 110", "57 370 19 52 129 0 81 286 59 155 125 202 126 110 186 114 251 341 155 125", "70 371 174 29 286 81 0 251 58 26 68 285 89 161 57 19 110 244 242 102", "101 524 313 134 245 286 251 0 181 213 243 86 150 154 114 404 73 19 77 77", "62 565 104 43 98 59 58 181 0 128 18 237 161 185 69 101 152 234 96 26", "78 277 264 43 402 155 26 213 128 0 146 253 49 137 53 69 56 170 288 138", "130 707 198 89 166 125 68 243 18 146 0 365 237 297 65 91 174 288 170 50", "75 290 185 134 237 202 285 86 237 253 365 0 98 40 248 438 181 117 101 171", "33 146 185 38 339 126 89 150 161 49 237 98 0 26 118 174 77 125 209 149", "35 150 125 66 269 110 161 154 185 137 297 40 26 0 200 266 153 161 161 171", "83 510 281 54 281 186 57 114 69 53 65 248 118 200 0 122 29 105 173 43", "153 456 225 90 369 114 19 404 101 69 91 438 174 266 122 0 209 395 365 185", "86 393 344 75 374 251 110 73 152 56 174 181 77 153 29 209 0 38 200 90", "122 451 398 145 374 341 244 19 234 170 288 117 125 161 105 395 38 0 162 122", "86 621 136 123 50 155 242 77 96 288 170 101 209 161 173 365 200 162 0 50", "56 581 166 53 110 125 102 77 26 138 50 171 149 171 43 185 90 122 50 0"};
    Reconstruct* pObj = new Reconstruct();
    clock_t start = clock();
    vector<string> result = pObj->findPoints(dists);
    clock_t end = clock();
    delete pObj;
    vector<string> expected = {"0 0 0", "8 10 11", "-8 5 -1", "-1 -2 2", "-9 0 -9", "-7 2 2", "-3 -5 6", "6 -4 -7", "-6 -5 -1", "2 -5 7", "-7 -9 0", "5 5 -5", "4 1 4", "3 5 1", "1 -9 1", "-6 -6 9", "6 -7 1", "9 -5 -4", "-2 -1 -9", "-2 -6 -4"};
    if(result == expected) {
        cout << "Test Case 10: Passed! Time: " << static_cast<double>(end-start)/CLOCKS_PER_SEC << " seconds" << endl;
        return 0;
    } else {
        cout << "Test Case 10: Failed! Time: " << static_cast<double>(end-start)/CLOCKS_PER_SEC << " seconds" << endl;
        return 1;
    }
}

int test11() {
    vector<string> dists = {"0 299 45 138 54 131 171 94 134 75 171 149 99 89 30 50 117 46 144 27", "299 0 482 217 545 72 896 621 749 136 164 66 500 474 325 285 110 201 291 292", "45 482 0 297 45 242 162 37 149 138 198 230 42 212 45 179 180 67 189 54", "138 217 297 0 198 229 393 456 248 229 213 173 457 141 126 126 261 182 434 109", "54 545 45 198 0 341 81 118 38 237 261 299 165 125 36 158 297 130 342 45", "131 72 242 229 341 0 584 297 521 16 140 54 212 306 193 141 14 81 75 172", "171 896 162 393 81 584 0 157 29 456 612 626 276 122 213 221 558 361 483 228", "94 621 37 456 118 297 157 0 208 185 361 365 21 241 150 202 241 154 150 161", "134 749 149 248 38 521 29 208 0 409 473 501 309 97 134 194 497 290 510 145", "75 136 138 229 237 16 456 185 409 0 108 54 116 266 121 125 6 33 51 108", "171 164 198 213 261 140 612 361 473 108 0 26 264 446 105 317 90 49 291 96", "149 66 230 173 299 54 626 365 501 54 26 0 266 378 131 229 38 49 205 114", "99 500 42 457 165 212 276 21 309 116 264 266 0 314 145 225 150 101 91 152", "89 474 212 141 125 306 122 241 97 266 446 378 314 0 165 35 344 251 329 158", "30 325 45 126 36 193 213 150 134 121 105 131 145 165 0 138 153 38 254 1", "50 285 179 126 158 141 221 202 194 125 317 229 225 35 138 0 179 152 170 125", "117 110 180 261 297 14 558 241 497 6 90 38 150 344 153 179 0 43 69 138", "46 201 67 182 130 81 361 154 290 33 49 49 101 251 38 152 43 0 134 33", "144 291 189 434 342 75 483 150 510 51 291 205 91 329 254 170 69 134 0 243", "27 292 54 109 45 172 228 161 145 108 96 114 152 158 1 125 138 33 243 0"};
    Reconstruct* pObj = new Reconstruct();
    clock_t start = clock();
    vector<string> result = pObj->findPoints(dists);
    clock_t end = clock();
    delete pObj;
    vector<string> expected = {"0 0 0", "5 7 15", "0 3 -6", "8 -5 7", "3 -3 -6", "-1 7 9", "-3 -9 -9", "-6 3 -7", "2 -9 -7", "-1 7 5", "9 9 3", "6 8 7", "-5 7 -5", "-2 -9 2", "5 1 -2", "-3 -4 5", "0 9 6", "3 6 1", "-8 8 4", "5 1 -1"};
    if(result == expected) {
        cout << "Test Case 11: Passed! Time: " << static_cast<double>(end-start)/CLOCKS_PER_SEC << " seconds" << endl;
        return 0;
    } else {
        cout << "Test Case 11: Failed! Time: " << static_cast<double>(end-start)/CLOCKS_PER_SEC << " seconds" << endl;
        return 1;
    }
}

int test12() {
    vector<string> dists = {"0 390 131 138 99 115 106 74 11 109 149 153 166 198 20 35 98 50 122 114", "390 0 277 666 237 405 590 364 449 861 73 195 66 906 398 433 440 506 818 574", "131 277 0 517 32 204 373 45 104 374 90 326 77 233 195 56 385 169 201 469", "138 666 517 0 381 357 50 406 209 195 403 213 462 456 134 289 86 260 356 10", "99 237 32 381 0 268 229 101 104 382 50 270 61 225 179 56 329 209 209 357", "115 405 204 357 268 0 413 69 100 170 246 154 221 457 59 164 129 33 305 269", "106 590 373 50 229 413 0 346 165 241 301 277 364 286 162 189 182 278 246 80", "74 364 45 406 101 69 346 0 41 197 153 251 134 230 90 41 244 46 150 346", "11 449 104 209 104 100 165 41 0 90 182 218 189 149 35 16 149 29 77 181", "109 861 374 195 382 170 241 197 90 0 500 370 513 235 93 162 169 67 123 177", "149 73 90 403 50 246 301 153 182 500 0 146 5 467 189 158 277 259 411 349", "153 195 326 213 270 154 277 251 218 370 146 0 157 693 101 290 59 209 545 141", "166 66 77 462 61 221 364 134 189 513 5 157 0 490 198 165 298 250 426 396", "198 906 233 456 225 457 286 230 149 235 467 693 490 0 314 101 542 260 20 486", "20 398 195 134 179 59 162 90 35 93 189 101 198 314 0 91 42 30 198 90", "35 433 56 289 56 164 189 41 16 162 158 290 165 101 91 0 245 77 61 269", "98 440 385 86 329 129 182 244 149 169 277 59 298 542 42 245 0 126 390 38", "50 506 169 260 209 33 278 46 29 67 259 209 250 260 30 77 126 0 144 206", "122 818 201 356 209 305 246 150 77 123 411 545 426 20 198 61 390 144 0 366", "114 574 469 10 357 269 80 346 181 177 349 141 396 486 90 269 38 206 366 0"};
    Reconstruct* pObj = new Reconstruct();
    clock_t start = clock();
    vector<string> result = pObj->findPoints(dists);
    clock_t end = clock();
    delete pObj;
    vector<string> expected = {"0 0 0", "5 13 14", "9 7 -1", "-7 -8 5", "9 3 3", "-5 9 -3", "0 -9 5", "3 7 -4", "1 1 -3", "-6 -3 -8", "6 7 8", "-6 6 9", "6 9 7", "9 -6 -9", "-4 2 0", "5 1 -3", "-9 1 4", "-3 4 -5", "5 -4 -9", "-8 -5 5"};
    if(result == expected) {
        cout << "Test Case 12: Passed! Time: " << static_cast<double>(end-start)/CLOCKS_PER_SEC << " seconds" << endl;
        return 0;
    } else {
        cout << "Test Case 12: Failed! Time: " << static_cast<double>(end-start)/CLOCKS_PER_SEC << " seconds" << endl;
        return 1;
    }
}

int test13() {
    vector<string> dists = {"0 413 52 104 155 134 73 101 41 178 134 45 11 106 62 149 194 129 98 42", "413 0 185 521 590 627 486 710 338 731 833 416 350 621 393 326 291 248 541 709", "52 185 0 116 203 214 161 189 77 266 310 89 27 230 54 161 90 117 122 186", "104 521 116 0 283 170 349 33 241 150 318 137 59 350 14 469 86 413 2 178", "155 590 203 283 0 565 242 338 270 621 477 366 180 421 201 234 261 274 305 173", "134 627 214 170 565 0 233 101 145 12 86 35 129 118 186 421 396 347 138 174", "73 486 161 349 242 233 0 308 26 329 117 110 130 43 265 50 457 54 333 89", "101 710 189 33 338 101 308 0 230 77 189 110 82 259 65 494 221 446 21 113", "41 338 77 241 270 145 26 230 0 225 123 42 66 49 171 72 321 46 227 107", "178 731 266 150 621 12 329 77 225 0 130 75 161 194 190 549 400 467 118 210", "134 833 310 318 477 86 117 189 123 130 0 89 189 30 308 315 602 293 280 84", "45 416 89 137 366 35 110 110 42 75 89 0 46 69 113 222 275 168 117 109", "11 350 27 59 180 129 130 82 66 161 189 46 0 161 25 198 121 162 57 85", "106 621 230 350 421 118 43 259 49 194 30 69 161 0 302 169 554 149 318 102", "62 393 54 14 201 186 265 65 171 190 308 113 25 302 0 339 54 293 20 152", "149 326 161 469 234 421 50 494 72 549 315 222 198 169 339 0 453 10 467 227", "194 291 90 86 261 396 457 221 321 400 602 275 121 554 54 453 0 395 110 362", "129 248 117 413 274 347 54 446 46 467 293 168 162 149 293 10 395 0 409 233", "98 541 122 2 305 138 333 21 227 118 280 117 57 318 20 467 110 409 0 165", "42 709 186 178 173 174 89 113 107 210 84 109 85 102 152 227 362 233 165 0"};
    Reconstruct* pObj = new Reconstruct();
    clock_t start = clock();
    vector<string> result = pObj->findPoints(dists);
    clock_t end = clock();
    delete pObj;
    vector<string> expected = {};
    if(result == expected) {
        cout << "Test Case 13: Passed! Time: " << static_cast<double>(end-start)/CLOCKS_PER_SEC << " seconds" << endl;
        return 0;
    } else {
        cout << "Test Case 13: Failed! Time: " << static_cast<double>(end-start)/CLOCKS_PER_SEC << " seconds" << endl;
        return 1;
    }
}

int test14() {
    vector<string> dists = {"0 489 84 19 85 115 122 50 57 166 110 114 65 146 49 106 115 17 187 46", "489 0 277 582 446 830 585 619 406 579 857 725 674 641 314 459 474 544 810 299", "84 277 0 75 237 339 278 242 161 86 166 106 145 174 105 234 267 157 315 86", "19 582 75 0 182 164 193 117 126 101 41 41 50 129 110 189 212 62 200 101", "85 446 237 182 0 162 59 37 20 457 365 393 248 355 36 29 14 54 338 77", "115 830 339 164 162 0 305 49 218 337 293 309 86 145 234 281 248 54 68 137", "122 585 278 193 59 305 0 114 27 538 310 382 355 528 59 10 21 129 549 198", "50 619 242 117 37 49 114 0 65 356 258 290 129 226 85 96 77 11 185 76", "57 406 161 126 20 218 27 65 0 381 269 297 236 355 8 9 14 62 386 81", "166 579 86 101 457 337 538 356 381 0 130 50 85 74 313 500 533 243 209 200", "110 857 166 41 365 293 310 258 269 130 0 20 117 222 257 338 381 185 321 270", "114 725 106 41 393 309 382 290 297 50 20 0 89 150 261 386 429 197 273 230", "65 674 145 50 248 86 355 129 236 85 117 89 0 27 212 329 330 74 54 105", "146 641 174 129 355 145 528 226 355 74 222 150 27 0 307 474 469 153 37 134", "49 314 105 110 36 234 59 85 8 313 257 261 212 307 0 29 38 66 362 53", "106 459 234 189 29 281 10 96 9 500 338 386 329 474 29 0 5 107 497 140", "115 474 267 212 14 248 21 77 14 533 381 429 330 469 38 5 0 98 468 133", "17 544 157 62 54 54 129 11 62 243 185 197 74 153 66 107 98 0 146 43", "187 810 315 200 338 68 549 185 386 209 321 273 54 37 362 497 468 146 0 169", "46 299 86 101 77 137 198 76 81 200 270 230 105 134 53 140 133 43 169 0"};
    Reconstruct* pObj = new Reconstruct();
    clock_t start = clock();
    vector<string> result = pObj->findPoints(dists);
    clock_t end = clock();
    delete pObj;
    vector<string> expected = {"0 0 0", "8 13 16", "8 4 2", "3 -1 -3", "-6 0 7", "-9 3 -5", "-3 -7 8", "-7 0 1", "-2 -2 7", "9 6 -7", "6 -5 -7", "8 -1 -7", "0 4 -7", "1 9 -8", "0 0 7", "-3 -4 9", "-5 -3 9", "-4 1 0", "-5 9 -9", "-1 6 3"};
    if(result == expected) {
        cout << "Test Case 14: Passed! Time: " << static_cast<double>(end-start)/CLOCKS_PER_SEC << " seconds" << endl;
        return 0;
    } else {
        cout << "Test Case 14: Failed! Time: " << static_cast<double>(end-start)/CLOCKS_PER_SEC << " seconds" << endl;
        return 1;
    }
}

int test15() {
    vector<string> dists = {"0 78 121 122 69 138 149 178 131 40 41 65 194 25 131 90 65 107 107 161", "78 0 339 164 81 178 185 24 25 114 61 35 346 57 157 90 57 301 257 121", "121 339 0 291 294 401 430 515 354 261 290 324 113 230 170 153 286 2 58 518", "122 164 291 0 317 434 437 196 169 150 89 59 138 61 413 218 29 269 401 381", "69 81 294 317 0 25 32 177 178 69 88 134 481 102 130 171 174 274 158 40", "138 178 401 434 25 0 1 294 325 86 137 221 656 171 245 322 275 389 241 29", "149 185 430 437 32 1 0 297 338 85 136 222 681 174 274 347 278 418 270 24", "178 24 515 196 177 294 297 0 29 206 117 59 446 117 273 162 85 465 429 185", "131 25 354 169 178 325 338 29 0 219 134 70 293 110 164 61 78 308 296 254", "40 114 261 150 69 86 85 206 219 0 17 69 350 29 275 234 85 251 235 89", "41 61 290 89 88 137 136 117 134 17 0 18 305 6 270 187 30 270 274 104", "65 35 324 59 134 221 222 59 70 69 18 0 269 14 270 149 6 294 318 158", "194 346 113 138 481 656 681 446 293 350 305 269 0 227 341 178 203 101 273 693", "25 57 230 61 102 171 174 117 110 29 6 14 227 0 234 141 16 210 234 146", "131 157 170 413 130 245 274 273 164 275 270 270 341 234 0 49 282 144 52 302", "90 90 153 218 171 322 347 162 61 234 187 149 178 141 49 0 141 121 113 331", "65 57 286 29 174 275 278 85 78 85 30 6 203 16 282 141 0 258 314 218", "107 301 2 269 274 389 418 465 308 251 270 294 101 210 144 121 258 0 52 494", "107 257 58 401 158 241 270 429 296 235 274 318 273 234 52 113 314 52 0 354", "161 121 518 381 40 29 24 185 254 89 104 158 693 146 302 331 218 494 354 0"};
    Reconstruct* pObj = new Reconstruct();
    clock_t start = clock();
    vector<string> result = pObj->findPoints(dists);
    clock_t end = clock();
    delete pObj;
    vector<string> expected = {"0 0 0", "2 5 7", "-9 -2 -6", "4 9 -5", "2 -4 7", "5 -8 7", "6 -8 7", "4 9 9", "-1 9 7", "6 -2 0", "6 2 1", "5 6 2", "-7 8 -9", "4 3 0", "-9 -1 7", "-7 5 4", "4 7 0", "-9 -1 -5", "-9 -5 1", "8 -4 9"};
    if(result == expected) {
        cout << "Test Case 15: Passed! Time: " << static_cast<double>(end-start)/CLOCKS_PER_SEC << " seconds" << endl;
        return 0;
    } else {
        cout << "Test Case 15: Failed! Time: " << static_cast<double>(end-start)/CLOCKS_PER_SEC << " seconds" << endl;
        return 1;
    }
}

int test16() {
    vector<string> dists = {"0 430 121 166 65 24 30 44 114 41 86 89 45 126 66 66 181 5 211 161", "430 0 477 458 707 450 354 242 294 657 186 409 337 874 236 812 797 345 101 731", "121 477 0 77 254 189 237 137 339 126 213 4 262 277 77 269 584 120 314 518", "166 458 77 0 405 302 224 106 458 259 304 73 331 484 62 350 545 149 421 649", "65 707 254 405 0 29 125 209 137 26 173 222 86 17 251 27 182 98 330 68", "24 450 189 302 29 0 54 100 54 41 62 149 21 78 134 70 185 33 171 85", "30 354 237 224 125 54 0 34 90 131 80 185 27 228 86 118 113 21 189 145", "44 242 137 106 209 100 34 0 142 161 74 97 77 314 14 206 261 21 155 297", "114 294 339 458 137 54 90 142 0 185 26 275 21 222 194 226 251 99 69 109", "41 657 126 259 26 41 131 161 185 0 171 110 116 35 169 41 266 70 326 170", "86 186 213 304 173 62 80 74 26 171 0 161 35 260 94 254 329 61 29 209", "89 409 4 73 222 149 185 97 275 110 161 0 206 257 49 241 516 84 254 454", "45 337 262 331 86 21 27 77 21 116 35 206 0 171 129 129 154 38 118 86", "126 874 277 484 17 78 228 314 222 35 260 257 171 0 342 54 289 173 433 125", "66 236 77 62 251 134 86 14 194 169 94 49 129 342 0 256 381 41 165 395", "66 812 269 350 27 70 118 206 226 41 254 241 129 54 256 0 125 105 453 107", "181 797 584 545 182 185 113 261 251 266 329 516 154 289 381 125 0 200 518 102", "5 345 120 149 98 33 21 21 99 70 61 84 38 173 41 105 200 0 166 186", "211 101 314 421 330 171 189 155 69 326 29 254 118 433 165 453 518 166 0 350", "161 731 518 649 68 85 145 297 109 170 209 454 86 125 395 107 102 186 350 0"};
    Reconstruct* pObj = new Reconstruct();
    clock_t start = clock();
    vector<string> result = pObj->findPoints(dists);
    clock_t end = clock();
    delete pObj;
    vector<string> expected = {"0 0 0", "5 9 18", "2 -9 6", "-6 -7 9", "4 0 -7", "4 2 -2", "-2 5 1", "-2 2 6", "7 8 1", "3 -4 -4", "6 5 5", "2 -7 6", "3 6 0", "6 -3 -9", "-1 -1 8", "-1 -1 -8", "-6 9 -8", "0 1 2", "9 7 9", "4 8 -9"};
    if(result == expected) {
        cout << "Test Case 16: Passed! Time: " << static_cast<double>(end-start)/CLOCKS_PER_SEC << " seconds" << endl;
        return 0;
    } else {
        cout << "Test Case 16: Failed! Time: " << static_cast<double>(end-start)/CLOCKS_PER_SEC << " seconds" << endl;
        return 1;
    }
}

int test17() {
    vector<string> dists = {"0 706 88 17 26 88 117 102 50 149 128 86 61 20 155 137 46 166 30 209", "706 0 542 749 626 326 537 714 666 857 450 886 693 506 917 867 666 574 666 193", "88 542 0 81 34 144 249 38 202 89 248 318 185 44 147 101 62 14 182 245", "17 749 81 0 11 129 106 131 51 74 129 163 38 41 70 62 11 139 83 246", "26 626 34 11 0 106 125 88 80 61 138 204 65 22 77 57 8 76 100 209", "88 326 144 129 106 0 81 206 82 305 56 150 113 44 315 293 134 230 62 29", "117 537 249 106 125 81 0 377 21 256 5 197 24 121 206 226 105 341 113 104", "102 714 38 131 88 206 377 0 280 185 374 276 285 74 265 201 144 68 180 357", "50 666 202 51 80 82 21 280 0 213 34 108 9 78 173 185 72 300 52 153", "149 857 89 74 61 305 256 185 213 0 293 453 152 153 14 2 41 85 305 424", "128 450 248 129 138 56 5 374 34 293 0 198 45 116 251 265 126 342 110 65", "86 886 318 163 204 150 197 276 108 453 198 0 169 138 437 425 244 464 24 281", "61 693 185 38 65 113 24 285 9 152 45 169 0 89 110 126 45 265 93 184", "20 506 44 41 22 44 121 74 78 153 116 138 89 0 179 149 50 106 50 133", "155 917 147 70 77 315 206 265 173 14 251 437 110 179 0 6 41 157 301 426", "137 867 101 62 57 293 226 201 185 2 265 425 126 149 6 0 33 105 285 410", "46 666 62 11 8 134 105 144 72 41 126 244 45 50 41 33 0 100 132 229", "166 574 14 139 76 230 341 68 300 85 342 464 265 106 157 105 100 0 296 329", "30 666 182 83 100 62 113 180 52 305 110 24 93 50 301 285 132 296 0 165", "209 193 245 246 209 29 104 357 153 424 65 281 184 133 426 410 229 329 165 0"};
    Reconstruct* pObj = new Reconstruct();
    clock_t start = clock();
    vector<string> result = pObj->findPoints(dists);
    clock_t end = clock();
    delete pObj;
    vector<string> expected = {"0 0 0", "9 15 20", "-6 4 6", "-2 3 -2", "-3 4 1", "6 4 6", "7 8 -2", "-7 -2 7", "5 4 -3", "-9 8 -2", "8 8 0", "7 -6 -1", "3 6 -4", "0 2 4", "-7 9 -5", "-8 8 -3", "-3 6 -1", "-9 6 7", "5 -2 1", "9 8 8"};
    if(result == expected) {
        cout << "Test Case 17: Passed! Time: " << static_cast<double>(end-start)/CLOCKS_PER_SEC << " seconds" << endl;
        return 0;
    } else {
        cout << "Test Case 17: Failed! Time: " << static_cast<double>(end-start)/CLOCKS_PER_SEC << " seconds" << endl;
        return 1;
    }
}

int test18() {
    vector<string> dists = {"0 589 117 94 62 50 131 22 14 89 34 58 114 134 121 109 50 86 54 101", "589 0 800 731 437 629 202 545 611 258 377 929 497 331 484 746 429 819 665 562", "117 800 0 171 333 29 274 225 51 266 113 65 145 251 468 2 69 227 153 394", "94 731 171 0 166 174 321 86 100 137 110 178 38 84 251 185 106 16 6 117", "62 437 333 166 0 200 117 18 126 51 84 230 182 126 13 315 140 134 114 27", "50 629 29 174 200 0 145 134 14 171 52 42 146 206 301 19 36 206 134 283", "131 202 274 321 117 145 0 149 141 66 61 285 217 157 170 238 93 353 253 234", "22 545 225 86 18 134 149 0 66 61 58 140 120 106 53 217 94 62 48 29", "14 611 51 100 126 14 141 66 0 117 30 38 98 144 211 45 26 116 66 177", "89 258 266 137 51 171 66 61 117 0 35 277 81 29 102 248 67 161 101 84", "34 377 113 110 84 52 61 58 30 35 0 134 62 62 161 99 8 142 74 139", "58 929 65 178 230 42 285 140 38 277 134 0 228 318 317 65 122 170 140 285", "114 497 145 38 182 146 217 120 98 81 62 228 0 26 285 149 50 94 40 169", "134 331 251 84 126 206 157 106 144 29 62 318 26 0 203 245 74 132 74 121", "121 484 468 251 13 301 170 53 211 102 161 317 285 203 0 446 237 195 189 38", "109 746 2 185 315 19 238 217 45 248 99 65 149 245 446 0 59 241 161 388", "50 429 69 106 140 36 93 94 26 67 8 122 50 74 237 59 0 154 78 195", "86 819 227 16 134 206 353 62 116 161 142 170 94 132 195 241 154 0 14 77", "54 665 153 6 114 134 253 48 66 101 74 140 40 74 189 161 78 14 0 85", "101 562 394 117 27 283 234 29 177 84 139 285 169 121 38 388 195 77 85 0"};
    Reconstruct* pObj = new Reconstruct();
    clock_t start = clock();
    vector<string> result = pObj->findPoints(dists);
    clock_t end = clock();
    delete pObj;
    vector<string> expected = {"0 0 0", "2 12 21", "2 8 -7", "-9 3 -2", "-2 -3 7", "4 5 -3", "5 5 9", "-3 -2 3", "1 3 -2", "-3 4 8", "0 5 3", "3 0 -7", "-7 8 1", "-7 7 6", "-2 -6 9", "3 8 -6", "0 7 1", "-9 -1 -2", "-7 2 -1", "-7 -4 6"};
    if(result == expected) {
        cout << "Test Case 18: Passed! Time: " << static_cast<double>(end-start)/CLOCKS_PER_SEC << " seconds" << endl;
        return 0;
    } else {
        cout << "Test Case 18: Failed! Time: " << static_cast<double>(end-start)/CLOCKS_PER_SEC << " seconds" << endl;
        return 1;
    }
}

int test19() {
    vector<string> dists = {"0 234 66 58 65 105 117 118 91 106 122 128 142 177 145 98 86 8 26 161", "234 0 126 178 107 189 261 514 529 274 38 170 388 321 589 500 458 302 308 59", "66 126 0 158 77 209 189 174 309 180 96 50 86 341 371 142 274 82 118 129", "58 178 158 0 65 27 91 308 109 94 78 234 338 75 149 286 88 94 78 117", "65 107 77 65 0 46 230 197 238 229 21 65 291 110 342 291 241 117 155 24", "105 189 209 27 46 0 216 315 170 221 65 217 465 20 258 405 179 165 173 74", "117 261 189 91 230 216 0 451 166 1 221 389 241 324 118 221 83 113 53 314", "118 514 174 308 197 315 451 0 245 422 334 134 194 371 377 126 308 114 206 337", "91 529 309 109 238 170 166 245 0 153 333 411 353 182 26 197 17 83 69 390", "106 274 180 94 229 221 1 422 153 0 228 378 218 329 107 194 74 98 42 321", "122 38 96 78 21 65 221 334 333 228 0 106 350 149 419 390 306 186 206 9", "128 170 50 234 65 217 389 134 411 378 106 0 206 321 545 258 422 168 250 97", "142 388 86 338 291 465 241 194 353 218 350 206 0 629 369 40 306 106 136 419", "177 321 341 75 110 20 324 371 182 329 149 321 629 0 290 521 219 245 257 146", "145 589 371 149 342 258 118 377 26 107 419 545 369 290 0 217 9 121 73 506", "98 500 142 286 291 405 221 126 197 194 390 258 40 521 217 0 182 54 80 459", "86 458 274 88 241 179 83 308 17 74 306 422 306 219 9 182 0 74 38 381", "8 302 82 94 117 165 113 114 83 98 186 168 106 245 121 54 74 0 14 237", "26 308 118 78 155 173 53 206 69 42 206 250 136 257 73 80 38 14 0 275", "161 59 129 117 24 74 314 337 390 321 9 97 419 146 506 459 381 237 275 0"};
    Reconstruct* pObj = new Reconstruct();
    clock_t start = clock();
    vector<string> result = pObj->findPoints(dists);
    clock_t end = clock();
    delete pObj;
    vector<string> expected = {"0 0 0", "3 9 12", "1 8 1", "0 -3 7", "6 2 5", "5 -4 8", "-9 0 6", "6 1 -9", "-3 -9 -1", "-9 0 5", "5 4 9", "8 8 0", "-5 9 -6", "7 -8 8", "-8 -9 0", "-5 3 -8", "-6 -7 1", "-2 0 -2", "-5 -1 0", "8 4 9"};
    if(result == expected) {
        cout << "Test Case 19: Passed! Time: " << static_cast<double>(end-start)/CLOCKS_PER_SEC << " seconds" << endl;
        return 0;
    } else {
        cout << "Test Case 19: Failed! Time: " << static_cast<double>(end-start)/CLOCKS_PER_SEC << " seconds" << endl;
        return 1;
    }
}

int test20() {
